1)

systema = [
    [3, 1, -1, 1, "==", 4],
    [5, 1, 1, -1, "==", 4],
    [1, 0, 0, 0, ">=", 0],
    [0, 1, 0, 0, ">=", 0],
    [0, 0, 1, 0, ">=", 0],
    [0, 0, 0, 1, ">=", 0],
]  

c = [-6, -1, -4, 5]

2)

systema = [
    [1, -3, -1, -2, "==", -4],
    [1, -1, 1, 0, "==", 0],
    [1, 0, 0, 0, ">=", 0],
    [0, 1, 0, 0, ">=", 0],
    [0, 0, 1, 0, ">=", 0],
    [0, 0, 0, 1, ">=", 0],
]

c = [-1, -2, -3, 1]


3)

systema = [
    [1, 1, 0, 2, 1, "==", 5],
    [1, 1, 1, 3, 2, "==", 9],
    [0, 1, 1, 2, 1, "==", 6],
    [1, 0, 0, 0, 0, ">=", 0],
    [0, 1, 0, 0, 0, ">=", 0],
    [0, 0, 1, 0, 0, ">=", 0],
    [0, 0, 0, 1, 0, ">=", 0],
    [0, 0, 0, 0, 1, ">=", 0],
]

c = [-1, -2, -1, 3, -1]

4)

systema = [
    [1, 1, 2, 0, 0, "==", 4],
    [0, -2, -2, 1, -1, "==", -6],
    [1, -1, 6, 1, 1, "==", 12],
    [1, 0, 0, 0, 0, ">=", 0],
    [0, 1, 0, 0, 0, ">=", 0],
    [0, 0, 1, 0, 0, ">=", 0],
    [0, 0, 0, 1, 0, ">=", 0],
    [0, 0, 0, 0, 1, ">=", 0],
]

c = [-1, -1, -1, 1, -1]

5)

systema = [
    [1, 1, -1, -10, "==", 0],
    [1, 14, 10, -10, "==", 11],
    [1, 0, 0, 0, ">=", 0],
    [0, 1, 0, 0, ">=", 0],
    [0, 0, 1, 0, ">=", 0],
    [0, 0, 0, 1, ">=", 0],
]

c = [-1, 4, -3, 10]

6)

systema = [
    [1, 3, 3, 1, "<=", 3],
    [2, 0, 3, -1, "<=", 4],
    [1, 0, 0, 0, ">=", 0],
    [0, 1, 0, 0, ">=", 0],
    [0, 0, 1, 0, ">=", 0],
    [0, 0, 0, 1, ">=", 0],
]

c = [-1, 5, 1, -1]

7)

systema = [
    [3, 1, 1, 1, -2, "==", 10],
    [6, 1, 2, 3, -4, "==", 20],
    [10, 1, 3, 6, -7, "==", 30],
    [1, 0, 0, 0, 0, ">=", 0],
    [0, 1, 0, 0, 0, ">=", 0],
    [0, 0, 1, 0, 0, ">=", 0],
    [0, 0, 0, 1, 0, ">=", 0],
    [0, 0, 0, 0, 1, ">=", 0],
]

c = [-1, -1, 1, -1, 2]